%YAML:1.0
---
opencv_ml_knn:
   format: 3
   is_classifier: 1
   default_k: 10
   samples: !!opencv-matrix
      rows: 14
      cols: 16
      dt: f
      data: [ 0., 52., 46., 46., 53., 63., 61., 35., 34., 58., 57., 62.,
          56., 53., 50., 9., 4.73942868e+33, 4.59135442e-41,
          3.46530374e+21, 9.54284254e-43, 4.73942868e+33, 4.59135442e-41,
          4.73942868e+33, 4.59135442e-41, 4.73942868e+33, 4.59135442e-41,
          4.73942868e+33, 4.59135442e-41, 4.73942868e+33, 4.59135442e-41,
          4.73942868e+33, 4.59135442e-41, 4.73942868e+33, 4.59135442e-41,
          3.46528573e+21, 9.54284254e-43, 0., 0., 0., 0., 1.96181785e-44,
          0., 0., 0., 7.00649232e-45, 0., 5.55585667e+21, 9.54284254e-43,
          4.73481443e+21, 9.54284254e-43, 4.73942868e+33, 4.59135442e-41,
          4.73942868e+33, 4.59135442e-41, 4.73477840e+21, 9.54284254e-43,
          4.73942868e+33, 4.59135442e-41, 4.73474237e+21, 9.54284254e-43,
          4.73942868e+33, 4.59135442e-41, 4.73942868e+33, 4.59135442e-41,
          4.73942868e+33, 4.59135442e-41, 4.73942868e+33, 4.59135442e-41,
          4.73942868e+33, 4.59135442e-41, 4.73942868e+33, 4.59135442e-41,
          4.73942868e+33, 4.59135442e-41, 4.73470635e+21, 9.54284254e-43,
          0., 0., 0., 0., 1.96181785e-44, 0., 0., 0., 9.80908925e-45, 0.,
          5.55594675e+21, 9.54284254e-43, 3.46579013e+21, 9.54284254e-43,
          4.73942868e+33, 4.59135442e-41, 4.73942868e+33, 4.59135442e-41,
          3.46577211e+21, 9.54284254e-43, 4.73942868e+33, 4.59135442e-41,
          3.46575410e+21, 9.54284254e-43, 4.73942868e+33, 4.59135442e-41,
          4.73942868e+33, 4.59135442e-41, 4.73942868e+33, 4.59135442e-41,
          4.73942868e+33, 4.59135442e-41, 3.46573609e+21, 9.54284254e-43,
          4.73942868e+33, 4.59135442e-41, 4.73942868e+33, 4.59135442e-41,
          3.46571807e+21, 9.54284254e-43, 0., 0., 0., 0., 1.96181785e-44,
          0., 0., 0., 8.40779079e-45, 0., 5.55603682e+21, 9.54284254e-43,
          3.46620446e+21, 9.54284254e-43, 4.73942868e+33, 4.59135442e-41,
          4.73942868e+33, 4.59135442e-41, 3.46618645e+21, 9.54284254e-43,
          4.73942868e+33, 4.59135442e-41, 4.73942868e+33, 4.59135442e-41,
          4.73942868e+33, 4.59135442e-41, 4.73942868e+33, 4.59135442e-41,
          4.73942868e+33, 4.59135442e-41, 4.73942868e+33, 4.59135442e-41,
          4.73942868e+33, 4.59135442e-41, 4.73942868e+33, 4.59135442e-41,
          4.73942868e+33, 4.59135442e-41, 3.46616843e+21, 9.54284254e-43,
          0., 0., 0., 0., 1.96181785e-44, 0., 0., 0., 1.40129846e-44, 0.,
          5.55612689e+21, 9.54284254e-43, 3.46715022e+21, 9.54284254e-43,
          4.73942868e+33, 4.59135442e-41, 4.73942868e+33, 4.59135442e-41,
          3.46713220e+21, 9.54284254e-43, 4.73942868e+33, 4.59135442e-41,
          4.73942868e+33, 4.59135442e-41, 4.73942868e+33, 4.59135442e-41,
          4.73942868e+33, 4.59135442e-41, 4.73942868e+33, 4.59135442e-41,
          4.73942868e+33, 4.59135442e-41, 4.73942868e+33, 4.59135442e-41,
          4.73942868e+33, 4.59135442e-41, 4.73942868e+33, 4.59135442e-41,
          3.46711419e+21, 9.54284254e-43, 0., 0., 0., 0., 1.96181785e-44,
          0., 0., 0., 1.40129846e-44, 0., 5.55621696e+21, 9.54284254e-43,
          3.46656475e+21, 9.54284254e-43, 4.73942868e+33, 4.59135442e-41,
          4.73942868e+33, 4.59135442e-41, 3.46654673e+21, 9.54284254e-43,
          4.73942868e+33, 4.59135442e-41, 4.73942868e+33, 4.59135442e-41,
          4.73942868e+33, 4.59135442e-41, 4.73942868e+33, 4.59135442e-41 ]
   responses: !!opencv-matrix
      rows: 14
      cols: 1
      dt: f
      data: [ 35., 9.54284254e-43, 5.52321458e+21, 9.54284254e-43,
          5.52386310e+21, 9.54284254e-43, 5.52445758e+21, 9.54284254e-43,
          5.52391714e+21, 9.54284254e-43, 5.52456566e+21, 9.54284254e-43,
          5.52413332e+21, 9.54284254e-43 ]
